0
1
2
3
4
5
6
7
8
9
10
13
14
15
17
19
20
21
22
24
25
26
31
33
36
38
39
41
42
43
44
45
46
48
49
53
54
56
61
64
65
66
67
68
69
70
71
72
73
75
76
78
79
80
82
83
84
85
86
89
91
92
93
95
96
102
103
105
106
108
109
110
112
113
114
116
118
119
120
121
123
124
125
126
128
130
131
133
134
135
136
137
139
141
143
144
145
146
147
150
151
152
153
154
155
156
157
158
160
163
164
165
166
167
170
171
172
173
175
176
177
179
181
182
183
184
185
187
190
195
196
197
199
200
202
203
204
205
206
207
208
209
210
211
212
213
215
216
217
218
219
220
221
222
223
225
226
227
228
229
230
231
232
233
234
235
236
237
238
239
240
241
243
244
245
247
249
250
251
253
254
256
257
258
259
260
262
263
264
265
266
267
268
269
271
272
273
274
276
277
278
279
280
281
282
283
284
285
286
289
293
294
297
298
299
302
303
305
307
308
309
313
314
315
316
317
318
319
320
321
322
323
324
325
326
327
328
329
330
331
332
333
334
337
338
339
340
341
342
343
344
345
346
347
349
350
351
354
355
356
357
358
361
362
363
364
365
366
367
368
369
370
372
374
375
376
378
379
380
382
384
385
388
392
393
394
395
396
397
398
399
400
401
402
403
404
405
406
407
408
409
411
412
413
414
416
417
419
420
421
422
424
427
428
429
432
433
434
435
436
437
439
440
441
442
444
445
448
449
452
453
456
458
459
460
461
462
464
467
468
469
470
473
474
476
477
478
479
482
485
486
487
488
491
492
493
496
497
498
499
501
502
503
505
506
508
512
513
514
515
516
517
518
519
520
523
525
526
527
528
531
533
534
536
537
538
539
540
541
545
546
547
548
549
550
551
552
553
554
555
560
563
564
565
566
567
568
570
571
573
575
578
579
581
582
583
584
586
590
591
592
593
595
596
597
598
599
600
602
603
605
606
607
608
610
611
612
613
614
615
616
617
618
619
621
622
623
624
625
626
630
632
633
634
635
636
637
638
640
642
643
644
646
647
648
649
650
651
652
656
657
660
661
663
664
666
667
668
669
670
671
672
673
675
676
677
678
680
681
682
683
684
685
687
689
690
691
692
694
695
696
698
700
702
704
706
707
710
711
712
713
715
716
717
719
720
722
723
724
725
728
730
731
732
733
734
735
736
737
739
740
742
744
745
746
747
748
749
751
752
753
754
755
757
758
759
763
764
766
768
769
770
771
773
774
775
776
777
778
780
782
784
785
786
790
791
792
793
794
795
796
797
801
803
804
805
806
807
808
811
812
813
814
819
822
823
826
827
828
829
830
832
833
834
835
836
837
838
840
841
842
843
844
845
846
847
848
849
850
851
853
854
855
857
858
859
860
863
865
869
871
872
874
875
876
877
878
879
880
881
882
883
884
885
891
893
894
896
897
898
899
900
902
905
906
907
909
910
912
914
915
916
917
918
920
922
923
926
928
929
930
931
932
933
934
935
936
937
938
939
940
941
943
946
947
950
951
952
953
954
955
956
957
958
959
961
962
964
966
967
968
970
971
972
973
974
975
976
977
978
979
980
981
982
983
984
985
986
988
989
990
991
992
993
994
996
997
998
999
